00.00                             2021010500000000000001                                                                                                                                                                                                        
40.009           271398                                  G02   358206077        0             20210401                                                                              3276000000006                                                               
40.999        0  271398                        0                                                                                                                                                                                                                
40.002           281346                                  G02   358202731        0             20210626                                                                              3276000000006                                                               
40.202           281346                        00005358              82643830           000000032UVC                                                                                                                                                           1
40.202           281346                        00004358              82643849           000000096UVC                                                                                                                                                           1
40.202           281346                        00003358              82643850           000000096UVC                                                                                                                                                           1
40.202           281346                        00002358              82643887           000000032UVC                                                                                                                                                           1
40.202           281346                        00001358              82643975           000000064UVC                                                                                                                                                           1
40.992        0  281346                        5                                                                                                                                                                                                                
40.002           324016                                  G02   358206078        0             20210814                                                                              3276000000006                                                               
40.202           324016                        00001358              17591126           000001275UVC                                                                                                                                                           1
40.992        0  324016                        1                                                                                                                                                                                                                
40.002           324024                                  G02   358202732        0             20210503                                                                              3276000000006                                                               
40.202           324024                        00004358              82055941           000000099UVC                                                                                                                                                           1
40.202           324024                        00003358              82055942           000000297UVC                                                                                                                                                           1
40.202           324024                        00002358              82055943           000000297UVC                                                                                                                                                           1
40.202           324024                        00001358              82313693           000000072UVC                                                                                                                                                           1
40.992        0  324024                        4                                                                                                                                                                                                                
40.002           324027                                  G02   358203241        0             20210502                                                                              3276000000006                                                               
40.202           324027                        00001358              19128032           000000462UVC                                                                                                                                                           1
40.202           324027                        00002358              81875160           000000408UVC                                                                                                                                                           1
40.992        0  324027                        2                                                                                                                                                                                                                
40.009           328937                                  G02   358205520        0             20210113                                                                              8434122000006                                                               
40.999        0  328937                        0                                                                                                                                                                                                                
40.002           330776                                  G02   358206077        0             20210826                                                                              3276000000006                                                               
40.202           330776                        00002358              17591364           000000931UVC                                                                                                                                                           1
40.202           330776                        00001358              17621835           000000266UVC                                                                                                                                                           1
40.992        0  330776                        2                                                                                                                                                                                                                
99.00                             20210105000000000000028                                                                                                                                                                                                       