00.00                             2020122900000000000001                                                                                                                                                                                                        
40.002           267344                                  G02   358202688        0             20201224                                                                              3276000000006                                                               
40.202           267344                        00003358              82248122           000000528UVC                                                                                                                                                           1
40.992        0  267344                        1                                                                                                                                                                                                                
40.009           276534                                  G02   358206152        0             20210112                                                                              3276000000006                                                               
40.999        0  276534                        0                                                                                                                                                                                                                
40.002           292082                                  G02   358202701        0             20210325                                                                              3276000000006                                                               
40.202           292082                        00012358              13484261           000000504UVC                                                                                                                                                           1
40.202           292082                        00008358              13484331           000001312UVC                                                                                                                                                           1
40.202           292082                        00007358              13484345           000000810UVC                                                                                                                                                           1
40.202           292082                        00011358              13687646           000000512UVC                                                                                                                                                           1
40.202           292082                        00010358              15103046           000000435UVC                                                                                                                                                           1
40.202           292082                        00006358              15103053           000000504UVC                                                                                                                                                           1
40.202           292082                        00005358              15958026           000000720UVC                                                                                                                                                           1
40.202           292082                        00014358              15958040           000000510UVC                                                                                                                                                           1
40.202           292082                        00016358              15958075           000000408UVC                                                                                                                                                           1
40.202           292082                        00015358              15958082           000000576UVC                                                                                                                                                           1
40.202           292082                        00004358              15958096           000001222UVC                                                                                                                                                           1
40.202           292082                        00003358              15958110           000000500UVC                                                                                                                                                           1
40.202           292082                        00013358              19721093           000000480UVC                                                                                                                                                           1
40.202           292082                        00009358              19721114           000000320UVC                                                                                                                                                           1
40.202           292082                        00001358              68561591           000000125UVC                                                                                                                                                           1
40.202           292082                        00002358              68561605           000000400UVC                                                                                                                                                           1
40.992        0  292082                        16                                                                                                                                                                                                               
40.009           306812                                  G02   358205686        0             20201225                                                                              5411090419996                                                               
40.999        0  306812                        0                                                                                                                                                                                                                
40.002           309009                                  G02   358204286        0             20201229                                                                              8425432000008                                                               
40.202           309009                        00024358              19474294           000000001UVC                                                                                                                                                           1
40.202           309009                        00012358              19474455           000000020UVC                                                                                                                                                           1
40.202           309009                        00047358              19474875           000000011UVC                                                                                                                                                           1
40.202           309009                        00028358              19475316           000000021UVC                                                                                                                                                           1
40.202           309009                        00055358              19475610           000000020UVC                                                                                                                                                           1
40.202           309009                        00001358              81945539           000000002UVC                                                                                                                                                           1
40.992        0  309009                        6                                                                                                                                                                                                                
40.002           320516                                  G02   358202742        0             20210324                                                                              3276000000006                                                               
40.202           320516                        00006358              82661069           000000864UVC                                                                                                                                                           1
40.202           320516                        00007358              82661070           000000864UVC                                                                                                                                                           1
40.202           320516                        00005358              82661071           000001008UVC                                                                                                                                                           1
40.202           320516                        00004358              82661073           000003168UVC                                                                                                                                                           1
40.202           320516                        00008358              82661076           000003780UVC                                                                                                                                                           1
40.202           320516                        00003358              82661077           000005292UVC                                                                                                                                                           1
40.202           320516                        00002358              82661078           000002592UVC                                                                                                                                                           1
40.202           320516                        00001358              82661082           000000486UVC                                                                                                                                                           1
40.992        0  320516                        8                                                                                                                                                                                                                
40.002           323202                                  G02   358201670        0             20210430                                                                              3276000000006                                                               
40.202           323202                        00005358              82799923           000000540UVC                                                                                                                                                           1
40.202           323202                        00007358              82799924           000000768UVC                                                                                                                                                           1
40.202           323202                        00006358              82799929           000000882UVC                                                                                                                                                           1
40.202           323202                        00004358              82799933           000000896UVC                                                                                                                                                           1
40.202           323202                        00003358              82799934           000000576UVC                                                                                                                                                           1
40.202           323202                        00013358              82799936           000000512UVC                                                                                                                                                           1
40.202           323202                        00002358              82799944           000000480UVC                                                                                                                                                           1
40.202           323202                        00012358              82799946           000001536UVC                                                                                                                                                           1
40.202           323202                        00016358              82799947           000000384UVC                                                                                                                                                           1
40.202           323202                        00018358              82799950           000003000UVC                                                                                                                                                           1
40.202           323202                        00017358              82799953           000003024UVC                                                                                                                                                           1
40.202           323202                        00015358              82799954           000000128UVC                                                                                                                                                           1
40.202           323202                        00011358              82799955           000000540UVC                                                                                                                                                           1
40.202           323202                        00010358              82799956           000000256UVC                                                                                                                                                           1
40.202           323202                        00009358              82799957           000000768UVC                                                                                                                                                           1
40.202           323202                        00022358              82799959           000000064UVC                                                                                                                                                           1
40.202           323202                        00024358              82799962           000001584UVC                                                                                                                                                           1
40.202           323202                        00026358              82799964           000001560UVC                                                                                                                                                           1
40.202           323202                        00025358              82799965           000001600UVC                                                                                                                                                           1
40.202           323202                        00023358              82799967           000000900UVC                                                                                                                                                           1
40.202           323202                        00021358              82799968           000000512UVC                                                                                                                                                           1
40.202           323202                        00030358              82799969           000000512UVC                                                                                                                                                           1
40.202           323202                        00029358              82799970           000000128UVC                                                                                                                                                           1
40.202           323202                        00028358              82799973           000000168UVC                                                                                                                                                           1
40.202           323202                        00032358              82799975           000000688UVC                                                                                                                                                           1
40.202           323202                        00034358              82799976           000000336UVC                                                                                                                                                           1
40.202           323202                        00033358              82799977           000000144UVC                                                                                                                                                           1
40.202           323202                        00031358              82799981           000000084UVC                                                                                                                                                           1
40.202           323202                        00014358              82799984           000000360UVC                                                                                                                                                           1
40.202           323202                        00027358              82799988           000000800UVC                                                                                                                                                           1
40.202           323202                        00020358              82799991           000000336UVC                                                                                                                                                           1
40.202           323202                        00038358              82799993           000000200UVC                                                                                                                                                           1
40.202           323202                        00037358              82799995           000002112UVC                                                                                                                                                           1
40.202           323202                        00040358              82799997           000000144UVC                                                                                                                                                           1
40.202           323202                        00046358              82799998           000000288UVC                                                                                                                                                           1
40.202           323202                        00042358              82800002           000000128UVC                                                                                                                                                           1
40.202           323202                        00041358              82800003           000001176UVC                                                                                                                                                           1
40.202           323202                        00039358              82800007           000000792UVC                                                                                                                                                           1
40.202           323202                        00036358              82800008           000000400UVC                                                                                                                                                           1
40.202           323202                        00045358              82800009           000000720UVC                                                                                                                                                           1
40.202           323202                        00044358              82800010           000000192UVC                                                                                                                                                           1
40.202           323202                        00043358              82800011           000002816UVC                                                                                                                                                           1
40.202           323202                        00035358              82800773           000000576UVC                                                                                                                                                           1
40.202           323202                        00019358              82800782           000000512UVC                                                                                                                                                           1
40.202           323202                        00008358              82800783           000000256UVC                                                                                                                                                           1
40.202           323202                        00001358              82839396           000001416UVC                                                                                                                                                           1
40.992        0  323202                        46                                                                                                                                                                                                               
40.002           323945                                  G02   358204401        0             20210103                                                                              5600010666804                                                               
40.202           323945                        00001358              15320886           000000280UVC                                                                                                                                                           1
40.992        0  323945                        1                                                                                                                                                                                                                
40.002           330281                                  G02   358202701        0             20210316                                                                              3276000000006                                                               
40.202           330281                        00005358              81956332           000000130UVC                                                                                                                                                           1
40.202           330281                        00002358              81956379           000000120UVC                                                                                                                                                           1
40.202           330281                        00007358              81956386           000000896UVC                                                                                                                                                           1
40.202           330281                        00008358              81956391           000000076UVC                                                                                                                                                           1
40.202           330281                        00006358              81956412           000000558UVC                                                                                                                                                           1
40.202           330281                        00001358              81956413           000000806UVC                                                                                                                                                           1
40.202           330281                        00003358              82510027           000000024UVC                                                                                                                                                           1
40.202           330281                        00004358              82510032           000000024UVC                                                                                                                                                           1
40.992        0  330281                        8                                                                                                                                                                                                                
40.002           330370                                  G02   358202701        0             20210316                                                                              3276000000006                                                               
40.202           330370                        00012358              82232574           000000042UVC                                                                                                                                                           1
40.202           330370                        00008358              82232744           000000024UVC                                                                                                                                                           1
40.202           330370                        00007358              82232746           000000045UVC                                                                                                                                                           1
40.202           330370                        00006358              82232755           000000644UVC                                                                                                                                                           1
40.202           330370                        00011358              82232763           000000028UVC                                                                                                                                                           1
40.202           330370                        00010358              82232767           000000040UVC                                                                                                                                                           1
40.202           330370                        00015358              82232768           000000040UVC                                                                                                                                                           1
40.202           330370                        00003358              82232769           000000040UVC                                                                                                                                                           1
40.202           330370                        00014358              82232770           000000050UVC                                                                                                                                                           1
40.202           330370                        00013358              82232771           000000048UVC                                                                                                                                                           1
40.202           330370                        00009358              82232772           000000060UVC                                                                                                                                                           1
40.202           330370                        00004358              82232773           000000048UVC                                                                                                                                                           1
40.202           330370                        00005358              82232774           000000050UVC                                                                                                                                                           1
40.202           330370                        00001358              82232776           000000063UVC                                                                                                                                                           1
40.202           330370                        00017358              82232777           000000100UVC                                                                                                                                                           1
40.202           330370                        00016358              82232845           000000153UVC                                                                                                                                                           1
40.202           330370                        00018358              82232846           000000170UVC                                                                                                                                                           1
40.202           330370                        00019358              82232870           000000098UVC                                                                                                                                                           1
40.202           330370                        00002358              82232872           000000070UVC                                                                                                                                                           1
40.202           330370                        00021358              82284703           000000126UVC                                                                                                                                                           1
40.202           330370                        00020358              82284706           000000017UVC                                                                                                                                                           1
40.202           330370                        00022358              82510033           000000012UVC                                                                                                                                                           1
40.992        0  330370                        22                                                                                                                                                                                                               
40.009           330445                                  G02   3584152          0             20201228                                                                              8425120000006                                                               
40.999        0  330445                        0                                                                                                                                                                                                                
40.009           332321                                  G02   358204286        0             20210115                                                                              8425432000008                                                               
40.999        0  332321                        0                                                                                                                                                                                                                
40.002           332576                                  G02   358202701        0             20210316                                                                              3276000000006                                                               
40.202           332576                        00012358              82232574           000000072UVC                                                                                                                                                           1
40.202           332576                        00007358              82232745           000000045UVC                                                                                                                                                           1
40.202           332576                        00001358              82232747           000000090UVC                                                                                                                                                           1
40.202           332576                        00006358              82232748           000000105UVC                                                                                                                                                           1
40.202           332576                        00005358              82232749           000000006UVC                                                                                                                                                           1
40.202           332576                        00009358              82232750           000000104UVC                                                                                                                                                           1
40.202           332576                        00002358              82232751           000000098UVC                                                                                                                                                           1
40.202           332576                        00011358              82232752           000000076UVC                                                                                                                                                           1
40.202           332576                        00010358              82232753           000000144UVC                                                                                                                                                           1
40.202           332576                        00008358              82232754           000000256UVC                                                                                                                                                           1
40.202           332576                        00013358              82232760           000000020UVC                                                                                                                                                           1
40.202           332576                        00014358              82232764           000000032UVC                                                                                                                                                           1
40.202           332576                        00015358              82232775           000000100UVC                                                                                                                                                           1
40.202           332576                        00016358              82232847           000000096UVC                                                                                                                                                           1
40.202           332576                        00017358              82232848           000000128UVC                                                                                                                                                           1
40.202           332576                        00004358              82232869           000000098UVC                                                                                                                                                           1
40.202           332576                        00003358              82232881           000000040UVC                                                                                                                                                           1
40.202           332576                        00018358              82284704           000000014UVC                                                                                                                                                           1
40.992        0  332576                        18                                                                                                                                                                                                               
40.002           332592                                  G02   358202701        0             20210316                                                                              3276000000006                                                               
40.202           332592                        00001358              82232806           000000017UVC                                                                                                                                                           1
40.202           332592                        00002358              82232808           000000112UVC                                                                                                                                                           1
40.202           332592                        00004358              82276167           000000060UVC                                                                                                                                                           1
40.202           332592                        00003358              82510031           000000018UVC                                                                                                                                                           1
40.202           332592                        00006358              82566576           000000104UVC                                                                                                                                                           1
40.202           332592                        00007358              82566579           000000418UVC                                                                                                                                                           1
40.202           332592                        00005358              82566580           000000440UVC                                                                                                                                                           1
40.202           332592                        00008358              82566583           000000660UVC                                                                                                                                                           1
40.992        0  332592                        8                                                                                                                                                                                                                
99.00                             202012290000000000000162                                                                                                                                                                                                      