00.00                             2020123000000000000001                                                                                                                                                                                                        
40.002           251049                                  G02   358205945        0             20210205                                                                              3276000000006                                                               
40.202           251049                        00006358              82263417           000000480UVC                                                                                                                                                           1
40.992        0  251049                        1                                                                                                                                                                                                                
40.009           263141                                  G02   358204882        0             20201229                                                                              3276000000006                                                               
40.999        0  263141                        0                                                                                                                                                                                                                
40.009           266902                                  G02   358206100        0             20210107                                                                              3276000000006                                                               
40.999        0  266902                        0                                                                                                                                                                                                                
40.009           271432                                  G02   358204866        0             20201230                                                                              3276000000006                                                               
40.999        0  271432                        0                                                                                                                                                                                                                
40.009           304689                                  G02   358203376        0             20201112                                                                              8425432000008                                                               
40.999        0  304689                        0                                                                                                                                                                                                                
40.009           313261                                  G02   358206181        0             20210122                                                                              4399901788091                                                               
40.999        0  313261                        0                                                                                                                                                                                                                
40.009           322349                                  G02   358203338        0             20201214                                                                              8435183100001                                                               
40.999        0  322349                        0                                                                                                                                                                                                                
40.002           323155                                  G02   358204888        0             20210524                                                                              3276000000006                                                               
40.202           323155                        00008358              81975741           000000132UVC                                                                                                                                                           1
40.202           323155                        00007358              81975742           000000088UVC                                                                                                                                                           1
40.202           323155                        00006358              81975743           000000154UVC                                                                                                                                                           1
40.202           323155                        00005358              81975744           000000036UVC                                                                                                                                                           1
40.202           323155                        00004358              81975745           000000036UVC                                                                                                                                                           1
40.202           323155                        00003358              81975746           000000030UVC                                                                                                                                                           1
40.202           323155                        00002358              81975747           000000077UVC                                                                                                                                                           1
40.202           323155                        00001358              81975748           000000011UVC                                                                                                                                                           1
40.992        0  323155                        8                                                                                                                                                                                                                
40.002           323201                                  G02   358205669        0             20210509                                                                              3276000000006                                                               
40.202           323201                        00002358              81875363           000000208UVC                                                                                                                                                           1
40.202           323201                        00001358              81895618           000000072UVC                                                                                                                                                           1
40.992        0  323201                        2                                                                                                                                                                                                                
40.009           330959                                  G02   358204286        0             20210115                                                                              8425432000008                                                               
40.999        0  330959                        0                                                                                                                                                                                                                
99.00                             20201230000000000000031                                                                                                                                                                                                       