00.00                             2021010700000000000001                                                                                                                                                                                                        
40.009           254960                                  G02   358202652        0             20201114                                                                              3276000000006                                                               
40.999        0  254960                        0                                                                                                                                                                                                                
40.009           263101                                  G02   358204906        0             20201224                                                                              3276000000006                                                               
40.999        0  263101                        0                                                                                                                                                                                                                
40.009           263434                                  G02   358202742        0             20201222                                                                              3276000000006                                                               
40.999        0  263434                        0                                                                                                                                                                                                                
40.009           269674                                  G02   358205098        0             20210101                                                                              3276000000006                                                               
40.999        0  269674                        0                                                                                                                                                                                                                
40.009           269680                                  G02   358205287        0             20210101                                                                              3276000000006                                                               
40.999        0  269680                        0                                                                                                                                                                                                                
40.009           276532                                  G02   358204932        0             20210112                                                                              3276000000006                                                               
40.999        0  276532                        0                                                                                                                                                                                                                
40.002           276872                                  G02   358204887        0             20210103                                                                              3276000000006                                                               
40.202           276872                        00012358              82173383           000000036UVC                                                                                                                                                           1
40.202           276872                        00001358              82173386           000000418UVC                                                                                                                                                           1
40.202           276872                        00002358              82173387           000000396UVC                                                                                                                                                           1
40.202           276872                        00011358              82173390           000000020UVC                                                                                                                                                           1
40.202           276872                        00010358              82173391           000000020UVC                                                                                                                                                           1
40.202           276872                        00009358              82173393           000000162UVC                                                                                                                                                           1
40.202           276872                        00007358              82204631           000000100UVC                                                                                                                                                           1
40.202           276872                        00004358              82204632           000000060UVC                                                                                                                                                           1
40.202           276872                        00006358              82204634           000000032UVC                                                                                                                                                           1
40.992        0  276872                        9                                                                                                                                                                                                                
40.009           323441                                  G02   3583239          0             20201214                                                                              3011538900900                                                               
40.209           323441                        00030358              11471530           000000084UVC                                                                                                                                                           1
40.209           323441                        00029358              16699585           000000100UVC                                                                                                                                                           1
40.209           323441                        00028358              16699753           000000120UVC                                                                                                                                                           1
40.209           323441                        00027358              16699774           000000608UVC                                                                                                                                                           1
40.209           323441                        00026358              16699830           000000608UVC                                                                                                                                                           1
40.209           323441                        00025358              16700152           000000116UVC                                                                                                                                                           1
40.209           323441                        00024358              17521210           000000160UVC                                                                                                                                                           1
40.209           323441                        00023358              18680501           000000456UVC                                                                                                                                                           1
40.209           323441                        00022358              19380403           000001216UVC                                                                                                                                                           1
40.209           323441                        00021358              19380410           000000294UVC                                                                                                                                                           1
40.209           323441                        00020358              19381334           000000120UVC                                                                                                                                                           1
40.209           323441                        00019358              19381362           000000490UVC                                                                                                                                                           1
40.209           323441                        00018358              19381474           000000147UVC                                                                                                                                                           1
40.209           323441                        00017358              19382636           000000490UVC                                                                                                                                                           1
40.209           323441                        00016358              19382944           000000608UVC                                                                                                                                                           1
40.209           323441                        00015358              19382965           000000116UVC                                                                                                                                                           1
40.209           323441                        00014358              19674256           000000320UVC                                                                                                                                                           1
40.209           323441                        00013358              81881653           000000616UVC                                                                                                                                                           1
40.209           323441                        00012358              81881703           000001232UVC                                                                                                                                                           1
40.209           323441                        00011358              81881705           000000616UVC                                                                                                                                                           1
40.209           323441                        00010358              81881711           000000360UVC                                                                                                                                                           1
40.209           323441                        00009358              81881732           000000616UVC                                                                                                                                                           1
40.209           323441                        00008358              81881778           000000180UVC                                                                                                                                                           1
40.209           323441                        00007358              81881786           000000616UVC                                                                                                                                                           1
40.209           323441                        00006358              81881787           000000616UVC                                                                                                                                                           1
40.209           323441                        00005358              81881832           000000180UVC                                                                                                                                                           1
40.209           323441                        00004358              81881836           000000616UVC                                                                                                                                                           1
40.209           323441                        00003358              81882166           000000616UVC                                                                                                                                                           1
40.209           323441                        00002358              81927783           000000360UVC                                                                                                                                                           1
40.209           323441                        00001358              81927784           000000360UVC                                                                                                                                                           1
40.999        0  323441                        30                                                                                                                                                                                                               
99.00                             20210107000000000000055                                                                                                                                                                                                       