00.00                             2021010600000000000001                                                                                                                                                                                                        
40.002           152542                                  G02   358206131        0             20210406                                                                              3276000000006                                                               
40.202           152542                        00005358              82367424           000000200UVC                                                                                                                                                           1
40.202           152542                        00003358              82367425           000000270UVC                                                                                                                                                           1
40.202           152542                        00002358              82367427           000000080UVC                                                                                                                                                           1
40.202           152542                        00001358              82367429           000000200UVC                                                                                                                                                           1
40.202           152542                        00004358              82386358           000000180UVC                                                                                                                                                           1
40.992        0  152542                        5                                                                                                                                                                                                                
40.009           262811                                  G02   358204888        0             20201223                                                                              3276000000006                                                               
40.999        0  262811                        0                                                                                                                                                                                                                
40.009           269670                                  G02   358204922        0             20201229                                                                              3276000000006                                                               
40.999        0  269670                        0                                                                                                                                                                                                                
40.009           269671                                  G02   358205462        0             20201231                                                                              3276000000006                                                               
40.999        0  269671                        0                                                                                                                                                                                                                
40.009           269675                                  G02   358205620        0             20210101                                                                              3276000000006                                                               
40.999        0  269675                        0                                                                                                                                                                                                                
40.009           269676                                  G02   358206064        0             20210111                                                                              3276000000006                                                               
40.999        0  269676                        0                                                                                                                                                                                                                
40.009           275306                                  G02   358202657        0             20210117                                                                              3276000000006                                                               
40.999        0  275306                        0                                                                                                                                                                                                                
40.009           287540                                  G02   358202606        0             20210427                                                                              3276000000006                                                               
40.999        0  287540                        0                                                                                                                                                                                                                
40.009           310557                                  G02   358206178        0             20201130                                                                              2206178000004                                                               
40.209           310557                        00006358              81964286           000000006UVC                                                                                                                                                           1
40.209           310557                        00009358              81964287           000000012UVC                                                                                                                                                           1
40.209           310557                        00002358              81964288           000000012UVC                                                                                                                                                           1
40.209           310557                        00011358              81964289           000000012UVC                                                                                                                                                           1
40.209           310557                        00005358              81964290           000000006UVC                                                                                                                                                           1
40.209           310557                        00012358              81964291           000000006UVC                                                                                                                                                           1
40.209           310557                        00010358              81964292           000000006UVC                                                                                                                                                           1
40.209           310557                        00004358              81964294           000000006UVC                                                                                                                                                           1
40.209           310557                        00003358              81964296           000000018UVC                                                                                                                                                           1
40.209           310557                        00015358              81964301           000000006UVC                                                                                                                                                           1
40.209           310557                        00001358              81964302           000000006UVC                                                                                                                                                           1
40.209           310557                        00008358              81964303           000000024UVC                                                                                                                                                           1
40.209           310557                        00013358              81964305           000000024UVC                                                                                                                                                           1
40.209           310557                        00007358              81964306           000000036UVC                                                                                                                                                           1
40.209           310557                        00014358              81964307           000000024UVC                                                                                                                                                           1
40.999        0  310557                        15                                                                                                                                                                                                               
40.009           328936                                  G02   358205520        0             20210109                                                                              8434122000006                                                               
40.999        0  328936                        0                                                                                                                                                                                                                
40.009           331383                                  G02   358205363        0             20210105                                                                              5600076255608                                                               
40.999        0  331383                        0                                                                                                                                                                                                                
40.009           331384                                  G02   358205363        0             20210105                                                                              5600076255608                                                               
40.999        0  331384                        0                                                                                                                                                                                                                
40.002           333328                                  G02   358202701        0             20210316                                                                              3276000000006                                                               
40.202           333328                        00008358              81956333           000000037UVC                                                                                                                                                           1
40.202           333328                        00007358              81956334           000000018UVC                                                                                                                                                           1
40.202           333328                        00006358              81956335           000000037UVC                                                                                                                                                           1
40.202           333328                        00003358              81956367           000000051UVC                                                                                                                                                           1
40.202           333328                        00010358              81956368           000000068UVC                                                                                                                                                           1
40.202           333328                        00009358              81956374           000000036UVC                                                                                                                                                           1
40.202           333328                        00001358              81956402           000000078UVC                                                                                                                                                           1
40.202           333328                        00012358              81956413           000000155UVC                                                                                                                                                           1
40.202           333328                        00011358              82232550           000000052UVC                                                                                                                                                           1
40.202           333328                        00004358              82509568           000000404UVC                                                                                                                                                           1
40.202           333328                        00002358              82510027           000000012UVC                                                                                                                                                           1
40.202           333328                        00005358              82510032           000000006UVC                                                                                                                                                           1
40.992        0  333328                        12                                                                                                                                                                                                               
40.002           334478                                  G02   358202701        0             20210316                                                                              3276000000006                                                               
40.202           334478                        00003358              81956418           000001323UVC                                                                                                                                                           1
40.202           334478                        00002358              81956420           000000189UVC                                                                                                                                                           1
40.202           334478                        00004358              81956421           000000147UVC                                                                                                                                                           1
40.202           334478                        00005358              82232549           000000051UVC                                                                                                                                                           1
40.202           334478                        00001358              82510038           000000022UVC                                                                                                                                                           1
40.992        0  334478                        5                                                                                                                                                                                                                
40.002           334499                                  G02   358202701        0             20210316                                                                              3276000000006                                                               
40.202           334499                        00004358              81956421           000001176UVC                                                                                                                                                           1
40.202           334499                        00003358              82509552           000000080UVC                                                                                                                                                           1
40.202           334499                        00002358              82509568           000000060UVC                                                                                                                                                           1
40.202           334499                        00001358              82510038           000000010UVC                                                                                                                                                           1
40.992        0  334499                        4                                                                                                                                                                                                                
99.00                             20210106000000000000071                                                                                                                                                                                                       